7
76
78
11
23
12
27
39
73
51
89
83
32
64
45
79
45
51
25
12
12
4
63
99
12
92
24
78
63
53
70
23
72
57
76
17
17
55
72
86
71
62
3
83
91
36
69
96
17
7
70
66
33
82
12
94
79
33
73
82
28
29
33
81
69
42
5
65
58
19
74
20
46
63
95
2
45
12
39
21
5
74
30
12
62
90
84
23
46
5
14
76
95
56
2
3
16
94
24
85
45
5
97
36
56
20
44
62
78
30
2
100
36
30
37
87
89
85
88
58
33
72
52
83
39
9
48
21
59
61
20
11
44
28
90
12
12
25
90
33
100
26
84
24
29
69
52
72
79
99
28
52
18
37
12
77
83
29
54
8
85
91
16
23
85
37
33
97
2
19
95
76
43
83
67
87
14
61
57
78
59
58
84
89
94
3
91
18
100
74
79
96
86
56
15
79
96
45
7
85
5
45
29
59
86
46
4
95
66
21
85
96
85
54
74
77
6
20
68
92
55
97
28
16
74
96
26
35
11
56
91
37
6
73
4
53
55
39
45
86
39
57
14
45
67
7
89
70
72
14
36
88
7
44
37
80
2
69
27
20
72
83
34
33
75
79
69
35
14
62
43
64
25
15
38
17
30
31
1
88
60
39
71
100
19
94
83
93
44
22
26
98
74
97
46
39
64
30
43
9
72
59
51
61
99
24
38
40
25
80
20
27
63
20
27
44
1
89
33
50
30
47
17
19
96
86
75
4
52
73
35
37
18
70
7
15
76
28
3
13
65
30
86
92
68
66
12
84
57
33
73
39
5
43
91
31
35
96
50
39
95
86
93
2
38
65
20
81
35
21
100
38
37
7
48
71
3
1
58
11
6
79
96
94
98
82
21
42
87
37
32
88
57
91
95
19
45
84
51
87
2
14
64
63
20
59
38
50
50
36
9
58
26
12
38
77
8
62
61
61
59
95
78
29
100
33
57
99
77
97
81
48
99
86
42
89
10
44
10
38
85
11
13
39
83
77
85
20
33
30
75
91
89
33
96
80
13
14
2
44
11
54
84
53
30
70
3
41
97
19
45
48
80
28
91
30
13
77
75
4
16
4
29
61
83
40
62
92
4
32
7
24
11
71
80
18
16
44
53
31
19
46
73
51
26
62
55
93
62
2
85
7
5
22
46
43
43
65
48
85
8
58
16
48
37
10
2
39
84
42
41
87
62
23
78
91
9
88
93
13
38
95
44
26
31
28
5
7
3
61
92
42
33
97
51
97
17
71
18
96
7
70
85
14
96
8
46
32
98
21
62
100
58
7
51
50
86
26
79
86
67
23
39
5
6
89
29
41
85
97
65
20
28
48
98
70
36
3
51
3
78
54
1
19
38
6
70
63
96
41
37
68
64
68
80
72
83
19
56
3
99
37
72
79
57
27
71
55
44
59
39
4
52
59
37
60
90
34
81
60
73
62
37
73
70
8
77
15
65
34
94
36
49
38
81
64
8
82
71
62
21
36
4
4
17
6
90
91
44
13
48
16
1
6
75
34
94
91
54
59
88
43
92
70
50
68
60
95
6
67
57
74
85
89
45
44
90
54
53
58
61
57
18
91
50
29
75
46
24
10
17
28
84
99
37
65
15
15
100
54
37
67
51
19
21
9
72
84
1
66
67
59
63
71
53
4
5
45
73
100
36
32
8
78
10
46
74
62
100
71
44
83
33
42
12
74
27
41
76
26
15
24
62
7
56
68
15
75
10
85
78
6
78
4
16
6
12
1
56
78
62
55
41
43
21
74
49
87
63
44
93
13
66
99
3
80
48
76
21
92
27
68
30
67
7
48
23
84
50
95
62
13
69
34
78
50
30
54
38
39
23
10
80
97
61
91
96
61
74
94
89
52
53
62
27
89
82
60
82
84
82
33
53
91
85
83
52
5
29
79
54
11
46
55
9
60
16
10
27
4
75
53
96
43
79
69
58
49
43
67
87
37
67
51
58
96
34
21
55
40
42
64
22
70
94
70
79
59
93
80
99
100
84
89
15
88
16
6
71
66
46
34
50
48
24
53
43
79
87
36
55
46
69
74
37
15
54
57
77
82
76
29
54
2
75
21
83
1
81
52
77
51
83
87
27
31
57
40
4
8
88
58
92
12
47
81
4
40
99
4
97
90
80
37
89
53
14
28
12
87
27
85
4
62
84
19
49
43
23
55
95
2
80
38
2
64
5
48
16
46
36
25
86
24
1
41
33
9
14
30
81
29
75
6
55
6
54
99
65
62
